{
 "cells": [
  {
   "cell_type": "code",
   "execution_count": 2,
   "id": "d35de637",
   "metadata": {},
   "outputs": [
    {
     "data": {
      "text/html": [
       "<div>\n",
       "<style scoped>\n",
       "    .dataframe tbody tr th:only-of-type {\n",
       "        vertical-align: middle;\n",
       "    }\n",
       "\n",
       "    .dataframe tbody tr th {\n",
       "        vertical-align: top;\n",
       "    }\n",
       "\n",
       "    .dataframe thead th {\n",
       "        text-align: right;\n",
       "    }\n",
       "</style>\n",
       "<table border=\"1\" class=\"dataframe\">\n",
       "  <thead>\n",
       "    <tr style=\"text-align: right;\">\n",
       "      <th></th>\n",
       "      <th>Date</th>\n",
       "      <th>Open</th>\n",
       "      <th>High</th>\n",
       "      <th>Low</th>\n",
       "      <th>Close</th>\n",
       "      <th>Adj_Close</th>\n",
       "      <th>Volume</th>\n",
       "    </tr>\n",
       "  </thead>\n",
       "  <tbody>\n",
       "    <tr>\n",
       "      <th>0</th>\n",
       "      <td>9/17/2014</td>\n",
       "      <td>465.864014</td>\n",
       "      <td>468.174011</td>\n",
       "      <td>452.421997</td>\n",
       "      <td>457.334015</td>\n",
       "      <td>457.334015</td>\n",
       "      <td>2.105680e+07</td>\n",
       "    </tr>\n",
       "    <tr>\n",
       "      <th>1</th>\n",
       "      <td>9/18/2014</td>\n",
       "      <td>456.859985</td>\n",
       "      <td>456.859985</td>\n",
       "      <td>413.104004</td>\n",
       "      <td>424.440002</td>\n",
       "      <td>424.440002</td>\n",
       "      <td>3.448320e+07</td>\n",
       "    </tr>\n",
       "    <tr>\n",
       "      <th>2</th>\n",
       "      <td>9/19/2014</td>\n",
       "      <td>424.102997</td>\n",
       "      <td>427.834991</td>\n",
       "      <td>384.532013</td>\n",
       "      <td>394.795990</td>\n",
       "      <td>394.795990</td>\n",
       "      <td>3.791970e+07</td>\n",
       "    </tr>\n",
       "    <tr>\n",
       "      <th>3</th>\n",
       "      <td>9/20/2014</td>\n",
       "      <td>394.673004</td>\n",
       "      <td>423.295990</td>\n",
       "      <td>389.882996</td>\n",
       "      <td>408.903992</td>\n",
       "      <td>408.903992</td>\n",
       "      <td>3.686360e+07</td>\n",
       "    </tr>\n",
       "    <tr>\n",
       "      <th>4</th>\n",
       "      <td>9/21/2014</td>\n",
       "      <td>408.084991</td>\n",
       "      <td>412.425995</td>\n",
       "      <td>393.181000</td>\n",
       "      <td>398.821014</td>\n",
       "      <td>398.821014</td>\n",
       "      <td>2.658010e+07</td>\n",
       "    </tr>\n",
       "    <tr>\n",
       "      <th>...</th>\n",
       "      <td>...</td>\n",
       "      <td>...</td>\n",
       "      <td>...</td>\n",
       "      <td>...</td>\n",
       "      <td>...</td>\n",
       "      <td>...</td>\n",
       "      <td>...</td>\n",
       "    </tr>\n",
       "    <tr>\n",
       "      <th>2748</th>\n",
       "      <td>3/27/2022</td>\n",
       "      <td>44505.355470</td>\n",
       "      <td>46827.546880</td>\n",
       "      <td>44437.292970</td>\n",
       "      <td>46820.492190</td>\n",
       "      <td>46820.492190</td>\n",
       "      <td>2.816089e+10</td>\n",
       "    </tr>\n",
       "    <tr>\n",
       "      <th>2749</th>\n",
       "      <td>3/28/2022</td>\n",
       "      <td>46821.851560</td>\n",
       "      <td>48086.835940</td>\n",
       "      <td>46690.203130</td>\n",
       "      <td>47128.003910</td>\n",
       "      <td>47128.003910</td>\n",
       "      <td>3.636218e+10</td>\n",
       "    </tr>\n",
       "    <tr>\n",
       "      <th>2750</th>\n",
       "      <td>3/29/2022</td>\n",
       "      <td>47100.437500</td>\n",
       "      <td>48022.289060</td>\n",
       "      <td>47100.437500</td>\n",
       "      <td>47465.730470</td>\n",
       "      <td>47465.730470</td>\n",
       "      <td>3.139706e+10</td>\n",
       "    </tr>\n",
       "    <tr>\n",
       "      <th>2751</th>\n",
       "      <td>3/30/2022</td>\n",
       "      <td>47456.898440</td>\n",
       "      <td>47655.148440</td>\n",
       "      <td>46746.210940</td>\n",
       "      <td>47062.664060</td>\n",
       "      <td>47062.664060</td>\n",
       "      <td>2.933388e+10</td>\n",
       "    </tr>\n",
       "    <tr>\n",
       "      <th>2752</th>\n",
       "      <td>3/31/2022</td>\n",
       "      <td>NaN</td>\n",
       "      <td>NaN</td>\n",
       "      <td>NaN</td>\n",
       "      <td>NaN</td>\n",
       "      <td>NaN</td>\n",
       "      <td>NaN</td>\n",
       "    </tr>\n",
       "  </tbody>\n",
       "</table>\n",
       "<p>2753 rows × 7 columns</p>\n",
       "</div>"
      ],
      "text/plain": [
       "           Date          Open          High           Low         Close  \\\n",
       "0     9/17/2014    465.864014    468.174011    452.421997    457.334015   \n",
       "1     9/18/2014    456.859985    456.859985    413.104004    424.440002   \n",
       "2     9/19/2014    424.102997    427.834991    384.532013    394.795990   \n",
       "3     9/20/2014    394.673004    423.295990    389.882996    408.903992   \n",
       "4     9/21/2014    408.084991    412.425995    393.181000    398.821014   \n",
       "...         ...           ...           ...           ...           ...   \n",
       "2748  3/27/2022  44505.355470  46827.546880  44437.292970  46820.492190   \n",
       "2749  3/28/2022  46821.851560  48086.835940  46690.203130  47128.003910   \n",
       "2750  3/29/2022  47100.437500  48022.289060  47100.437500  47465.730470   \n",
       "2751  3/30/2022  47456.898440  47655.148440  46746.210940  47062.664060   \n",
       "2752  3/31/2022           NaN           NaN           NaN           NaN   \n",
       "\n",
       "         Adj_Close        Volume  \n",
       "0       457.334015  2.105680e+07  \n",
       "1       424.440002  3.448320e+07  \n",
       "2       394.795990  3.791970e+07  \n",
       "3       408.903992  3.686360e+07  \n",
       "4       398.821014  2.658010e+07  \n",
       "...            ...           ...  \n",
       "2748  46820.492190  2.816089e+10  \n",
       "2749  47128.003910  3.636218e+10  \n",
       "2750  47465.730470  3.139706e+10  \n",
       "2751  47062.664060  2.933388e+10  \n",
       "2752           NaN           NaN  \n",
       "\n",
       "[2753 rows x 7 columns]"
      ]
     },
     "metadata": {},
     "output_type": "display_data"
    }
   ],
   "source": [
    "import pandas as pd\n",
    "\n",
    "df = pd.read_csv('BTC.csv')\n",
    "\n",
    "display(df)"
   ]
  },
  {
   "cell_type": "code",
   "execution_count": 7,
   "id": "b9d86d73",
   "metadata": {},
   "outputs": [
    {
     "data": {
      "text/html": [
       "<div>\n",
       "<style scoped>\n",
       "    .dataframe tbody tr th:only-of-type {\n",
       "        vertical-align: middle;\n",
       "    }\n",
       "\n",
       "    .dataframe tbody tr th {\n",
       "        vertical-align: top;\n",
       "    }\n",
       "\n",
       "    .dataframe thead th {\n",
       "        text-align: right;\n",
       "    }\n",
       "</style>\n",
       "<table border=\"1\" class=\"dataframe\">\n",
       "  <thead>\n",
       "    <tr style=\"text-align: right;\">\n",
       "      <th></th>\n",
       "      <th>Date</th>\n",
       "      <th>Open</th>\n",
       "      <th>High</th>\n",
       "      <th>Low</th>\n",
       "      <th>Close</th>\n",
       "      <th>Adj_Close</th>\n",
       "      <th>Volume</th>\n",
       "    </tr>\n",
       "  </thead>\n",
       "  <tbody>\n",
       "    <tr>\n",
       "      <th>0</th>\n",
       "      <td>2014-09-17</td>\n",
       "      <td>465.864014</td>\n",
       "      <td>468.174011</td>\n",
       "      <td>452.421997</td>\n",
       "      <td>457.334015</td>\n",
       "      <td>457.334015</td>\n",
       "      <td>2.105680e+07</td>\n",
       "    </tr>\n",
       "    <tr>\n",
       "      <th>1</th>\n",
       "      <td>2014-09-18</td>\n",
       "      <td>456.859985</td>\n",
       "      <td>456.859985</td>\n",
       "      <td>413.104004</td>\n",
       "      <td>424.440002</td>\n",
       "      <td>424.440002</td>\n",
       "      <td>3.448320e+07</td>\n",
       "    </tr>\n",
       "    <tr>\n",
       "      <th>2</th>\n",
       "      <td>2014-09-19</td>\n",
       "      <td>424.102997</td>\n",
       "      <td>427.834991</td>\n",
       "      <td>384.532013</td>\n",
       "      <td>394.795990</td>\n",
       "      <td>394.795990</td>\n",
       "      <td>3.791970e+07</td>\n",
       "    </tr>\n",
       "    <tr>\n",
       "      <th>3</th>\n",
       "      <td>2014-09-20</td>\n",
       "      <td>394.673004</td>\n",
       "      <td>423.295990</td>\n",
       "      <td>389.882996</td>\n",
       "      <td>408.903992</td>\n",
       "      <td>408.903992</td>\n",
       "      <td>3.686360e+07</td>\n",
       "    </tr>\n",
       "    <tr>\n",
       "      <th>4</th>\n",
       "      <td>2014-09-21</td>\n",
       "      <td>408.084991</td>\n",
       "      <td>412.425995</td>\n",
       "      <td>393.181000</td>\n",
       "      <td>398.821014</td>\n",
       "      <td>398.821014</td>\n",
       "      <td>2.658010e+07</td>\n",
       "    </tr>\n",
       "    <tr>\n",
       "      <th>...</th>\n",
       "      <td>...</td>\n",
       "      <td>...</td>\n",
       "      <td>...</td>\n",
       "      <td>...</td>\n",
       "      <td>...</td>\n",
       "      <td>...</td>\n",
       "      <td>...</td>\n",
       "    </tr>\n",
       "    <tr>\n",
       "      <th>2748</th>\n",
       "      <td>2022-03-27</td>\n",
       "      <td>44505.355470</td>\n",
       "      <td>46827.546880</td>\n",
       "      <td>44437.292970</td>\n",
       "      <td>46820.492190</td>\n",
       "      <td>46820.492190</td>\n",
       "      <td>2.816089e+10</td>\n",
       "    </tr>\n",
       "    <tr>\n",
       "      <th>2749</th>\n",
       "      <td>2022-03-28</td>\n",
       "      <td>46821.851560</td>\n",
       "      <td>48086.835940</td>\n",
       "      <td>46690.203130</td>\n",
       "      <td>47128.003910</td>\n",
       "      <td>47128.003910</td>\n",
       "      <td>3.636218e+10</td>\n",
       "    </tr>\n",
       "    <tr>\n",
       "      <th>2750</th>\n",
       "      <td>2022-03-29</td>\n",
       "      <td>47100.437500</td>\n",
       "      <td>48022.289060</td>\n",
       "      <td>47100.437500</td>\n",
       "      <td>47465.730470</td>\n",
       "      <td>47465.730470</td>\n",
       "      <td>3.139706e+10</td>\n",
       "    </tr>\n",
       "    <tr>\n",
       "      <th>2751</th>\n",
       "      <td>2022-03-30</td>\n",
       "      <td>47456.898440</td>\n",
       "      <td>47655.148440</td>\n",
       "      <td>46746.210940</td>\n",
       "      <td>47062.664060</td>\n",
       "      <td>47062.664060</td>\n",
       "      <td>2.933388e+10</td>\n",
       "    </tr>\n",
       "    <tr>\n",
       "      <th>2752</th>\n",
       "      <td>2022-03-31</td>\n",
       "      <td>NaN</td>\n",
       "      <td>NaN</td>\n",
       "      <td>NaN</td>\n",
       "      <td>NaN</td>\n",
       "      <td>NaN</td>\n",
       "      <td>NaN</td>\n",
       "    </tr>\n",
       "  </tbody>\n",
       "</table>\n",
       "<p>2753 rows × 7 columns</p>\n",
       "</div>"
      ],
      "text/plain": [
       "           Date          Open          High           Low         Close  \\\n",
       "0    2014-09-17    465.864014    468.174011    452.421997    457.334015   \n",
       "1    2014-09-18    456.859985    456.859985    413.104004    424.440002   \n",
       "2    2014-09-19    424.102997    427.834991    384.532013    394.795990   \n",
       "3    2014-09-20    394.673004    423.295990    389.882996    408.903992   \n",
       "4    2014-09-21    408.084991    412.425995    393.181000    398.821014   \n",
       "...         ...           ...           ...           ...           ...   \n",
       "2748 2022-03-27  44505.355470  46827.546880  44437.292970  46820.492190   \n",
       "2749 2022-03-28  46821.851560  48086.835940  46690.203130  47128.003910   \n",
       "2750 2022-03-29  47100.437500  48022.289060  47100.437500  47465.730470   \n",
       "2751 2022-03-30  47456.898440  47655.148440  46746.210940  47062.664060   \n",
       "2752 2022-03-31           NaN           NaN           NaN           NaN   \n",
       "\n",
       "         Adj_Close        Volume  \n",
       "0       457.334015  2.105680e+07  \n",
       "1       424.440002  3.448320e+07  \n",
       "2       394.795990  3.791970e+07  \n",
       "3       408.903992  3.686360e+07  \n",
       "4       398.821014  2.658010e+07  \n",
       "...            ...           ...  \n",
       "2748  46820.492190  2.816089e+10  \n",
       "2749  47128.003910  3.636218e+10  \n",
       "2750  47465.730470  3.139706e+10  \n",
       "2751  47062.664060  2.933388e+10  \n",
       "2752           NaN           NaN  \n",
       "\n",
       "[2753 rows x 7 columns]"
      ]
     },
     "metadata": {},
     "output_type": "display_data"
    }
   ],
   "source": [
    "df['Date'] = pd.to_datetime(df['Date'])\n",
    "display(df)"
   ]
  },
  {
   "cell_type": "code",
   "execution_count": 9,
   "id": "b4724bf5",
   "metadata": {},
   "outputs": [
    {
     "data": {
      "text/html": [
       "<div>\n",
       "<style scoped>\n",
       "    .dataframe tbody tr th:only-of-type {\n",
       "        vertical-align: middle;\n",
       "    }\n",
       "\n",
       "    .dataframe tbody tr th {\n",
       "        vertical-align: top;\n",
       "    }\n",
       "\n",
       "    .dataframe thead th {\n",
       "        text-align: right;\n",
       "    }\n",
       "</style>\n",
       "<table border=\"1\" class=\"dataframe\">\n",
       "  <thead>\n",
       "    <tr style=\"text-align: right;\">\n",
       "      <th></th>\n",
       "      <th>Date</th>\n",
       "      <th>Open</th>\n",
       "      <th>High</th>\n",
       "      <th>Low</th>\n",
       "      <th>Close</th>\n",
       "      <th>Adj_Close</th>\n",
       "      <th>Volume</th>\n",
       "    </tr>\n",
       "  </thead>\n",
       "  <tbody>\n",
       "    <tr>\n",
       "      <th>0</th>\n",
       "      <td>2014-09-17</td>\n",
       "      <td>465.864014</td>\n",
       "      <td>468.174011</td>\n",
       "      <td>452.421997</td>\n",
       "      <td>457.334015</td>\n",
       "      <td>457.334015</td>\n",
       "      <td>2.105680e+07</td>\n",
       "    </tr>\n",
       "    <tr>\n",
       "      <th>1</th>\n",
       "      <td>2014-09-18</td>\n",
       "      <td>456.859985</td>\n",
       "      <td>456.859985</td>\n",
       "      <td>413.104004</td>\n",
       "      <td>424.440002</td>\n",
       "      <td>424.440002</td>\n",
       "      <td>3.448320e+07</td>\n",
       "    </tr>\n",
       "    <tr>\n",
       "      <th>2</th>\n",
       "      <td>2014-09-19</td>\n",
       "      <td>424.102997</td>\n",
       "      <td>427.834991</td>\n",
       "      <td>384.532013</td>\n",
       "      <td>394.795990</td>\n",
       "      <td>394.795990</td>\n",
       "      <td>3.791970e+07</td>\n",
       "    </tr>\n",
       "    <tr>\n",
       "      <th>3</th>\n",
       "      <td>2014-09-20</td>\n",
       "      <td>394.673004</td>\n",
       "      <td>423.295990</td>\n",
       "      <td>389.882996</td>\n",
       "      <td>408.903992</td>\n",
       "      <td>408.903992</td>\n",
       "      <td>3.686360e+07</td>\n",
       "    </tr>\n",
       "    <tr>\n",
       "      <th>4</th>\n",
       "      <td>2014-09-21</td>\n",
       "      <td>408.084991</td>\n",
       "      <td>412.425995</td>\n",
       "      <td>393.181000</td>\n",
       "      <td>398.821014</td>\n",
       "      <td>398.821014</td>\n",
       "      <td>2.658010e+07</td>\n",
       "    </tr>\n",
       "    <tr>\n",
       "      <th>...</th>\n",
       "      <td>...</td>\n",
       "      <td>...</td>\n",
       "      <td>...</td>\n",
       "      <td>...</td>\n",
       "      <td>...</td>\n",
       "      <td>...</td>\n",
       "      <td>...</td>\n",
       "    </tr>\n",
       "    <tr>\n",
       "      <th>2748</th>\n",
       "      <td>2022-03-27</td>\n",
       "      <td>44505.355470</td>\n",
       "      <td>46827.546880</td>\n",
       "      <td>44437.292970</td>\n",
       "      <td>46820.492190</td>\n",
       "      <td>46820.492190</td>\n",
       "      <td>2.816089e+10</td>\n",
       "    </tr>\n",
       "    <tr>\n",
       "      <th>2749</th>\n",
       "      <td>2022-03-28</td>\n",
       "      <td>46821.851560</td>\n",
       "      <td>48086.835940</td>\n",
       "      <td>46690.203130</td>\n",
       "      <td>47128.003910</td>\n",
       "      <td>47128.003910</td>\n",
       "      <td>3.636218e+10</td>\n",
       "    </tr>\n",
       "    <tr>\n",
       "      <th>2750</th>\n",
       "      <td>2022-03-29</td>\n",
       "      <td>47100.437500</td>\n",
       "      <td>48022.289060</td>\n",
       "      <td>47100.437500</td>\n",
       "      <td>47465.730470</td>\n",
       "      <td>47465.730470</td>\n",
       "      <td>3.139706e+10</td>\n",
       "    </tr>\n",
       "    <tr>\n",
       "      <th>2751</th>\n",
       "      <td>2022-03-30</td>\n",
       "      <td>47456.898440</td>\n",
       "      <td>47655.148440</td>\n",
       "      <td>46746.210940</td>\n",
       "      <td>47062.664060</td>\n",
       "      <td>47062.664060</td>\n",
       "      <td>2.933388e+10</td>\n",
       "    </tr>\n",
       "    <tr>\n",
       "      <th>2752</th>\n",
       "      <td>2022-03-31</td>\n",
       "      <td>NaN</td>\n",
       "      <td>NaN</td>\n",
       "      <td>NaN</td>\n",
       "      <td>NaN</td>\n",
       "      <td>NaN</td>\n",
       "      <td>NaN</td>\n",
       "    </tr>\n",
       "  </tbody>\n",
       "</table>\n",
       "<p>2753 rows × 7 columns</p>\n",
       "</div>"
      ],
      "text/plain": [
       "            Date          Open          High           Low         Close  \\\n",
       "0     2014-09-17    465.864014    468.174011    452.421997    457.334015   \n",
       "1     2014-09-18    456.859985    456.859985    413.104004    424.440002   \n",
       "2     2014-09-19    424.102997    427.834991    384.532013    394.795990   \n",
       "3     2014-09-20    394.673004    423.295990    389.882996    408.903992   \n",
       "4     2014-09-21    408.084991    412.425995    393.181000    398.821014   \n",
       "...          ...           ...           ...           ...           ...   \n",
       "2748  2022-03-27  44505.355470  46827.546880  44437.292970  46820.492190   \n",
       "2749  2022-03-28  46821.851560  48086.835940  46690.203130  47128.003910   \n",
       "2750  2022-03-29  47100.437500  48022.289060  47100.437500  47465.730470   \n",
       "2751  2022-03-30  47456.898440  47655.148440  46746.210940  47062.664060   \n",
       "2752  2022-03-31           NaN           NaN           NaN           NaN   \n",
       "\n",
       "         Adj_Close        Volume  \n",
       "0       457.334015  2.105680e+07  \n",
       "1       424.440002  3.448320e+07  \n",
       "2       394.795990  3.791970e+07  \n",
       "3       408.903992  3.686360e+07  \n",
       "4       398.821014  2.658010e+07  \n",
       "...            ...           ...  \n",
       "2748  46820.492190  2.816089e+10  \n",
       "2749  47128.003910  3.636218e+10  \n",
       "2750  47465.730470  3.139706e+10  \n",
       "2751  47062.664060  2.933388e+10  \n",
       "2752           NaN           NaN  \n",
       "\n",
       "[2753 rows x 7 columns]"
      ]
     },
     "metadata": {},
     "output_type": "display_data"
    }
   ],
   "source": [
    "df['Date'] = df['Date'].dt.strftime(\"%Y-%m-%d\")\n",
    "display(df)"
   ]
  },
  {
   "cell_type": "code",
   "execution_count": null,
   "id": "f930fd6f",
   "metadata": {},
   "outputs": [],
   "source": [
    "df.to_csv(\"BTC-USD_2017-2022.csv\")"
   ]
  }
 ],
 "metadata": {
  "kernelspec": {
   "display_name": "Python 3 (ipykernel)",
   "language": "python",
   "name": "python3"
  },
  "language_info": {
   "codemirror_mode": {
    "name": "ipython",
    "version": 3
   },
   "file_extension": ".py",
   "mimetype": "text/x-python",
   "name": "python",
   "nbconvert_exporter": "python",
   "pygments_lexer": "ipython3",
   "version": "3.9.7"
  }
 },
 "nbformat": 4,
 "nbformat_minor": 5
}
