Theoretically Optimal Strategy 
cum_ret: -2.517703159259642
avg_daily_ret: -0.002124307817533855
std_daily_ret: 0.457459359936828
sharpe_ratio: -0.07371658362116923
Portfolio Value: -1515596.131864991

Benchmark 
cum_ret: 28.73222247503499
avg_daily_ret: 0.0020354893307955725
std_daily_ret: 0.031011041066590753
sharpe_ratio: 1.0419640967317756
Portfolio Value: 9355837.954935001
